0.323114
0.001377
0.169665
0.003170
0.001690
0.080493
0.002706
0.232166
0.004827
0.003831
0.004919
0.003677
0.193820
0.078684
0.137168
0.185209
0.073682
0.132261
0.001755
0.001885
0.002046
0.002145
0.002228
0.002098
0.004530
0.002224
0.001245
0.003079
0.001319
0.001284
0.004788
0.001797
0.001283
0.004739
0.001812
0.001238
0.002605
0.002517
0.002405
0.002113
0.002257
0.001931
0.002801
0.001965
0.001768
0.001895
0.002504
0.001762
0.002468
0.001998
0.002032
0.002341
0.002998
0.002465
0.002839
0.002069
0.001285
0.001349
0.002226
0.002160
0.005490
0.006281
0.002576
0.002686
0.001367
0.004226
0.003657
0.001333
0.003055
0.001911
0.001863
0.004730
0.001612
0.001410
0.002264
0.001395
0.001345
0.002429
0.004702
0.001295
0.001273
0.006455
0.004343
0.002856
0.001299
0.004352
0.002236
0.002262
0.002275
0.001357
0.002132
0.001561
0.001349
0.002418
0.002497
